 -5.193928858665966E-004
 -2.197675089918225E-002
  1.135668026316538E-002
  1.462073886393316E-002
  2.186851796358497E-005
  3.949444291430311E-003
  3.690012551187235E-003
  -3.52941333473506     
  5.419500279987157E-004
 -4.706771362359708E-004
  6.832153004550033E-005
  -17.3635708418652     
  1.405176427447626E-003
  -10.6819004252577     
 -5.580437751140655E-004
  7.648859396604317E-005
  3.277713069354658E-004
 -2.660089972389984E-004
 -1.910146174622476E-004
 -3.318442918422483E-005
  5.158336518711287E-004
 -4.584918814727383E-004
  -14.5492027376439     
  -9.47699318115545     
 -5.350988612769702E-005
  2.702976096039267E-005
 -6.950226020766615E-004
  -3.94342474094930     
 -2.526075452778883E-005
 -2.215853635278717E-006
 -7.437602788957171E-005
 -8.617085362511726E-005
  -4.29381024065970     
 -5.808849479724536E-004
 -3.923229879219154E-004
 -3.450158634413216E-004
  -4.30958339305029     
  1.043796211497870E-004
 -2.269143898282087E-005
  1.176055923226104E-004
  7.079090786818093E-005
  8.279476144394501E-006
  1.766575625742177E-005
 -3.632158598701449E-005
 -1.012033683511716E-004
   3.47159127988582     
 -3.150086352095763E-005
 -8.830553576436029E-006
  1.907583183777012E-004
 -1.663183474587558E-004
  2.254628412915366E-005
  -4.96205697265401     
 -1.160672554791894E-005
  -5.18893161282606     
  3.529087498827009E-005
  0.308619352571096     
 -0.936205447310760     
  5.036609127800337E-005
   6.41499610686824     
 -2.248140818176227E-005
  0.215749697224752     
  3.752640444363512E-005
   2.52415845642766     
  -14.9936921968858     
   1.30017053231700     
  2.219785879787833E-005
  5.036414723181421E-006
 -7.617324811542923E-005
  -4.86792539048138     
 -1.145243344761600E-004
   1.82743421395316     
  -7.73921630516194     
  1.519757749587281E-005
   2.63599205035391     
  -5.08778408300032     
 -2.988893635784911E-006
 -2.650834529158420E-005
 -5.081535964831843E-007
  0.214709560913600     
  -3.83610906805471     
  -6.13630495765603     
 -6.814991865460311E-005
   1.72350393534861     
  5.731142035469516E-007
  3.234151723624912E-005
  3.564977696635999E-002
  3.593603671782637E-006
  1.758218278281895E-005
  1.113125376210447E-002
 -5.268628839718239E-002
  1.626670124798476E-006
 -1.005770327090608E-005
  0.103609251421318     
 -4.506175624475615E-003
  7.219371224506229E-005
 -5.226143528422750E-002
